1, 6, 16
2, 6, 18
3, 6, 20
4, 6, 24
5, 6, 26
6, 6, 27
7, 6, 33
8, 6, 35
9, 8, 36
10, 9, 5
11, 9, 36
12, 10, 16
13, 10, 36
14, 12, 36
15, 12, 92
16, 12, 95
17, 12, 96
18, 12, 97
19, 12, 98
20, 12, 99
21, 12, 100
22, 12, 102
23, 12, 103
24, 12, 107
25, 12, 112
26, 13, 5
27, 13, 15
28, 13, 16
29, 13, 23
30, 13, 26
31, 13, 27
32, 13, 40
33, 13, 42
34, 13, 43
35, 13, 47
36, 13, 48
37, 13, 49
38, 13, 53
39, 13, 64
40, 13, 68
41, 13, 70
42, 13, 71
43, 13, 72
44, 13, 73
45, 13, 74
46, 13, 75
47, 13, 76
48, 13, 77
49, 13, 78
50, 13, 79
51, 13, 81
52, 13, 82
53, 13, 83
54, 13, 84
55, 13, 85
56, 13, 87
57, 13, 89
58, 13, 90
59, 13, 92
60, 13, 112
61, 14, 5
62, 14, 7
63, 14, 14
64, 14, 92
65, 15, 5
66, 15, 36
67, 15, 92
68, 15, 94
69, 16, 68
70, 16, 70
71, 16, 75
72, 16, 76
73, 16, 77
74, 16, 78
75, 16, 79
76, 16, 81
77, 16, 83
78, 16, 85
79, 16, 88
80, 16, 90
81, 16, 92
82, 16, 96
83, 16, 98
84, 16, 99
85, 16, 100
86, 17, 5
87, 17, 7
88, 17, 14
89, 17, 94
90, 17, 101
91, 17, 105
92, 17, 107
93, 17, 113
94, 17, 118
95, 17, 121
96, 17, 122
97, 18, 94
98, 18, 101
99, 18, 112
100, 18, 122
101, 19, 5
102, 19, 7
103, 19, 14
104, 19, 41
105, 19, 42
106, 19, 44
107, 19, 45
108, 19, 46
109, 19, 47
110, 19, 50
111, 19, 51
112, 19, 53
113, 19, 64
114, 19, 65
115, 20, 5
116, 20, 19
117, 20, 40
118, 20, 94
119, 20, 112
120, 20, 122
121, 21, 5
122, 21, 7
123, 21, 9
124, 21, 10
125, 21, 14
126, 21, 40
127, 21, 66
128, 22, 5
129, 22, 9
130, 22, 12
131, 22, 13
132, 22, 15
133, 22, 23
134, 22, 26
135, 22, 27
136, 22, 40
137, 22, 42
138, 22, 47
139, 22, 48
140, 22, 66
141, 22, 92
142, 22, 94
143, 22, 101
144, 22, 112
145, 22, 122
146, 23, 5
147, 23, 7
148, 23, 9
149, 23, 12
150, 23, 14
151, 23, 40
152, 23, 48
153, 23, 92
154, 24, 5
155, 24, 9
156, 24, 11
157, 24, 19
158, 24, 40
159, 24, 47
160, 24, 59
161, 24, 92
162, 24, 94
163, 24, 101
164, 24, 104
165, 25, 5
166, 25, 7
167, 25, 9
168, 25, 40
169, 25, 94
170, 25, 98
171, 25, 99
172, 25, 100
173, 26, 9
174, 26, 36
175, 26, 40
176, 26, 48
177, 26, 52
178, 26, 104
179, 26, 122
180, 27, 9
181, 27, 12
182, 27, 14
183, 27, 40
184, 28, 5
185, 28, 7
186, 28, 9
187, 28, 11
188, 28, 12
189, 28, 19
190, 28, 40
191, 28, 52
192, 28, 66
193, 28, 94
194, 28, 101
195, 29, 6
196, 29, 8
197, 29, 9
198, 29, 10
199, 29, 11
200, 29, 17
201, 29, 18
202, 29, 20
203, 29, 25
204, 29, 27
205, 29, 30
206, 29, 32
207, 29, 34
208, 29, 41
209, 29, 42
210, 29, 45
211, 29, 46
212, 29, 47
213, 29, 52
214, 29, 66
215, 29, 112
216, 29, 122
217, 30, 7
218, 30, 9
219, 30, 12
220, 30, 19
221, 30, 36
222, 30, 40
223, 30, 48
224, 30, 66
225, 30, 92
226, 30, 95
227, 31, 9
228, 31, 19
229, 31, 40
230, 31, 51
231, 31, 53
232, 31, 57
233, 31, 58
234, 31, 62
235, 31, 65
236, 31, 66
237, 31, 70
238, 31, 71
239, 31, 72
240, 31, 73
241, 31, 76
242, 31, 122
243, 32, 7
244, 32, 9
245, 32, 36
246, 32, 40
247, 32, 66
248, 32, 94
249, 32, 104
250, 33, 7
251, 33, 9
252, 33, 12
253, 33, 19
254, 33, 21
255, 33, 22
256, 33, 23
257, 33, 25
258, 33, 26
259, 33, 30
260, 33, 32
261, 33, 33
262, 33, 34
263, 33, 38
264, 33, 39
265, 33, 40
266, 33, 42
267, 33, 45
268, 33, 46
269, 33, 47
270, 33, 92
271, 33, 104
272, 34, 21
273, 34, 40
274, 34, 66
275, 34, 122
276, 35, 35
277, 35, 40
278, 35, 50
279, 35, 66
280, 35, 94
281, 35, 101
282, 35, 112
283, 35, 117
284, 36, 36
285, 36, 40
286, 36, 50
287, 36, 83
288, 36, 93
289, 36, 122
290, 37, 9
291, 37, 10
292, 37, 11
293, 37, 13
294, 37, 14
295, 37, 17
296, 37, 18
297, 37, 21
298, 37, 36
299, 37, 40
300, 37, 50
301, 37, 52
302, 37, 66
303, 37, 95
304, 37, 104
305, 37, 122
306, 38, 35
307, 38, 36
308, 38, 40
309, 38, 50
310, 38, 66
311, 38, 101
312, 38, 104
313, 38, 112
314, 38, 117
315, 38, 122
316, 39, 12
317, 39, 21
318, 39, 36
319, 39, 40
320, 39, 104
321, 40, 7
322, 40, 12
323, 40, 21
324, 40, 36
325, 40, 40
326, 40, 50
327, 40, 66
328, 41, 12
329, 41, 21
330, 41, 36
331, 41, 40
332, 41, 50
333, 41, 65
334, 41, 71
335, 41, 74
336, 41, 75
337, 41, 76
338, 41, 78
339, 41, 79
340, 41, 81
341, 41, 82
342, 41, 83
343, 41, 95
344, 41, 101
345, 42, 7
346, 42, 12
347, 42, 21
348, 42, 40
349, 42, 61
350, 42, 101
351, 42, 104
352, 42, 112
353, 42, 117
354, 42, 122
355, 43, 21
356, 43, 36
357, 43, 38
358, 43, 39
359, 43, 40
360, 43, 46
361, 43, 48
362, 43, 59
363, 43, 65
364, 43, 101
365, 43, 112
366, 43, 117
367, 43, 122
368, 44, 7
369, 44, 36
370, 44, 40
371, 44, 50
372, 44, 66
373, 44, 70
374, 44, 75
375, 44, 83
376, 44, 101
377, 44, 112
378, 45, 7
379, 45, 19
380, 45, 20
381, 45, 21
382, 45, 22
383, 45, 23
384, 45, 24
385, 45, 25
386, 45, 36
387, 45, 40
388, 45, 50
389, 45, 66
390, 45, 70
391, 45, 83
392, 45, 88
393, 45, 101
394, 45, 112
395, 45, 117
396, 45, 122
397, 46, 34
398, 46, 39
399, 46, 40
400, 46, 42
401, 46, 45
402, 46, 46
403, 46, 48
404, 46, 59
405, 46, 61
406, 46, 64
407, 46, 75
408, 46, 77
409, 46, 78
410, 46, 79
411, 46, 81
412, 46, 82
413, 46, 83
414, 46, 84
415, 46, 85
416, 46, 87
417, 46, 88
418, 46, 89
419, 46, 91
420, 46, 94
421, 46, 95
422, 46, 97
423, 46, 99
424, 46, 100
425, 46, 101
426, 46, 102
427, 46, 104
428, 46, 105
429, 46, 112
430, 46, 122
431, 47, 40
432, 47, 61
433, 47, 66
434, 47, 70
435, 47, 77
436, 47, 82
437, 47, 97
438, 47, 101
439, 47, 104
440, 47, 105
441, 48, 7
442, 48, 12
443, 48, 19
444, 48, 21
445, 48, 31
446, 48, 36
447, 48, 38
448, 48, 40
449, 48, 50
450, 48, 77
451, 48, 105
452, 49, 25
453, 49, 36
454, 49, 59
455, 49, 64
456, 49, 70
457, 49, 71
458, 49, 75
459, 49, 76
460, 49, 79
461, 49, 81
462, 49, 82
463, 49, 84
464, 49, 87
465, 49, 89
466, 49, 91
467, 49, 94
468, 49, 95
469, 49, 97
470, 49, 99
471, 49, 100
472, 49, 102
473, 49, 104
474, 50, 19
475, 50, 21
476, 50, 25
477, 50, 36
478, 50, 40
479, 50, 66
480, 50, 77
481, 51, 7
482, 51, 101
483, 51, 105
484, 51, 108
485, 51, 117
486, 51, 122
487, 52, 7
488, 52, 12
489, 52, 19
490, 52, 21
491, 52, 25
492, 52, 36
493, 52, 40
494, 52, 50
495, 52, 64
496, 52, 66
497, 52, 70
498, 52, 75
499, 52, 77
500, 52, 83
501, 52, 88
502, 52, 98
503, 52, 101
504, 52, 105
505, 52, 108
506, 52, 117
507, 53, 19
508, 53, 21
509, 53, 25
510, 53, 31
511, 53, 36
512, 53, 40
513, 53, 50
514, 53, 64
515, 53, 66
516, 53, 70
517, 53, 77
518, 53, 83
519, 53, 101
520, 53, 105
521, 54, 7
522, 54, 12
523, 54, 19
524, 54, 21
525, 54, 25
526, 54, 36
527, 54, 40
528, 54, 64
529, 54, 66
530, 54, 70
531, 54, 71
532, 54, 75
533, 54, 76
534, 54, 81
535, 54, 82
536, 54, 83
537, 54, 84
538, 54, 87
539, 54, 88
540, 54, 89
541, 54, 91
542, 54, 94
543, 54, 97
544, 54, 98
545, 54, 99
546, 54, 100
547, 54, 101
548, 54, 102
549, 54, 105
550, 54, 108
551, 54, 117
552, 54, 122
553, 55, 7
554, 55, 12
555, 55, 19
556, 55, 21
557, 55, 25
558, 55, 36
559, 55, 42
560, 55, 43
561, 55, 45
562, 55, 47
563, 55, 50
564, 55, 51
565, 55, 53
566, 55, 58
567, 55, 62
568, 55, 65
569, 55, 66
570, 55, 70
571, 55, 71
572, 55, 72
573, 55, 80
574, 55, 85
575, 55, 93
576, 55, 94
577, 55, 97
578, 55, 98
579, 55, 101
580, 55, 102
581, 55, 105
582, 56, 7
583, 56, 25
584, 56, 36
585, 56, 50
586, 56, 64
587, 56, 66
588, 56, 70
589, 56, 77
590, 56, 83
591, 56, 102
592, 56, 105
593, 57, 7
1, 6, 16
2, 6, 18
3, 6, 20
4, 6, 24
5, 6, 26
6, 6, 27
7, 6, 33
8, 6, 35
9, 8, 36
10, 9, 5
11, 9, 36
12, 10, 16
13, 10, 36
14, 12, 36
15, 12, 92
16, 12, 95
17, 12, 96
18, 12, 97
19, 12, 98
20, 12, 99
21, 12, 100
22, 12, 102
23, 12, 103
24, 12, 107
25, 12, 112
26, 13, 5
27, 13, 15
28, 13, 16
29, 13, 23
30, 13, 26
31, 13, 27
32, 13, 40
33, 13, 42
34, 13, 43
35, 13, 47
36, 13, 48
37, 13, 49
38, 13, 53
39, 13, 64
40, 13, 68
41, 13, 70
42, 13, 71
43, 13, 72
44, 13, 73
45, 13, 74
46, 13, 75
47, 13, 76
48, 13, 77
49, 13, 78
50, 13, 79
51, 13, 81
52, 13, 82
53, 13, 83
54, 13, 84
55, 13, 85
56, 13, 87
57, 13, 89
58, 13, 90
59, 13, 92
60, 13, 112
61, 14, 5
62, 14, 7
63, 14, 14
64, 14, 92
65, 15, 5
66, 15, 36
67, 15, 92
68, 15, 94
69, 16, 68
70, 16, 70
71, 16, 75
72, 16, 76
73, 16, 77
74, 16, 78
75, 16, 79
76, 16, 81
77, 16, 83
78, 16, 85
79, 16, 88
80, 16, 90
81, 16, 92
82, 16, 96
83, 16, 98
84, 16, 99
85, 16, 100
86, 17, 5
87, 17, 7
88, 17, 14
89, 17, 94
90, 17, 101
91, 17, 105
92, 17, 107
93, 17, 113
94, 17, 118
95, 17, 121
96, 17, 122
97, 18, 94
98, 18, 101
99, 18, 112
100, 18, 122
101, 19, 5
102, 19, 7
103, 19, 14
104, 19, 41
105, 19, 42
106, 19, 44
107, 19, 45
108, 19, 46
109, 19, 47
110, 19, 50
111, 19, 51
112, 19, 53
113, 19, 64
114, 19, 65
115, 20, 5
116, 20, 19
117, 20, 40
118, 20, 94
119, 20, 112
120, 20, 122
121, 21, 5
122, 21, 7
123, 21, 9
124, 21, 10
125, 21, 14
126, 21, 40
127, 21, 66
128, 22, 5
129, 22, 9
130, 22, 12
131, 22, 13
132, 22, 15
133, 22, 23
134, 22, 26
135, 22, 27
136, 22, 40
137, 22, 42
138, 22, 47
139, 22, 48
140, 22, 66
141, 22, 92
142, 22, 94
143, 22, 101
144, 22, 112
145, 22, 122
146, 23, 5
147, 23, 7
148, 23, 9
149, 23, 12
150, 23, 14
151, 23, 40
152, 23, 48
153, 23, 92
154, 24, 5
155, 24, 9
156, 24, 11
157, 24, 19
158, 24, 40
159, 24, 47
160, 24, 59
161, 24, 92
162, 24, 94
163, 24, 101
164, 24, 104
165, 25, 5
166, 25, 7
167, 25, 9
168, 25, 40
169, 25, 94
170, 25, 98
171, 25, 99
172, 25, 100
173, 26, 9
174, 26, 36
175, 26, 40
176, 26, 48
177, 26, 52
178, 26, 104
179, 26, 122
180, 27, 9
181, 27, 12
182, 27, 14
183, 27, 40
184, 28, 5
185, 28, 7
186, 28, 9
187, 28, 11
188, 28, 12
189, 28, 19
190, 28, 40
191, 28, 52
192, 28, 66
193, 28, 94
194, 28, 101
195, 29, 6
196, 29, 8
197, 29, 9
198, 29, 10
199, 29, 11
200, 29, 17
201, 29, 18
202, 29, 20
203, 29, 25
204, 29, 27
205, 29, 30
206, 29, 32
207, 29, 34
208, 29, 41
209, 29, 42
210, 29, 45
211, 29, 46
212, 29, 47
213, 29, 52
214, 29, 66
215, 29, 112
216, 29, 122
217, 30, 7
218, 30, 9
219, 30, 12
220, 30, 19
221, 30, 36
222, 30, 40
223, 30, 48
224, 30, 66
225, 30, 92
226, 30, 95
227, 31, 9
228, 31, 19
229, 31, 40
230, 31, 51
231, 31, 53
232, 31, 57
233, 31, 58
234, 31, 62
235, 31, 65
236, 31, 66
237, 31, 70
238, 31, 71
239, 31, 72
240, 31, 73
241, 31, 76
242, 31, 122
243, 32, 7
244, 32, 9
245, 32, 36
246, 32, 40
247, 32, 66
248, 32, 94
249, 32, 104
250, 33, 7
251, 33, 9
252, 33, 12
253, 33, 19
254, 33, 21
255, 33, 22
256, 33, 23
257, 33, 25
258, 33, 26
259, 33, 30
260, 33, 32
261, 33, 33
262, 33, 34
263, 33, 38
264, 33, 39
265, 33, 40
266, 33, 42
267, 33, 45
268, 33, 46
269, 33, 47
270, 33, 92
271, 33, 104
272, 34, 21
273, 34, 40
274, 34, 66
275, 34, 122
276, 35, 35
277, 35, 40
278, 35, 50
279, 35, 66
280, 35, 94
281, 35, 101
282, 35, 112
283, 35, 117
284, 36, 36
285, 36, 40
286, 36, 50
287, 36, 83
288, 36, 93
289, 36, 122
290, 37, 9
291, 37, 10
292, 37, 11
293, 37, 13
294, 37, 14
295, 37, 17
296, 37, 18
297, 37, 21
298, 37, 36
299, 37, 40
300, 37, 50
301, 37, 52
302, 37, 66
303, 37, 95
304, 37, 104
305, 37, 122
306, 38, 35
307, 38, 36
308, 38, 40
309, 38, 50
310, 38, 66
311, 38, 101
312, 38, 104
313, 38, 112
314, 38, 117
315, 38, 122
316, 39, 12
317, 39, 21
318, 39, 36
319, 39, 40
320, 39, 104
321, 40, 7
322, 40, 12
323, 40, 21
324, 40, 36
325, 40, 40
326, 40, 50
327, 40, 66
328, 41, 12
329, 41, 21
330, 41, 36
331, 41, 40
332, 41, 50
333, 41, 65
334, 41, 71
335, 41, 74
336, 41, 75
337, 41, 76
338, 41, 78
339, 41, 79
340, 41, 81
341, 41, 82
342, 41, 83
343, 41, 95
344, 41, 101
345, 42, 7
346, 42, 12
347, 42, 21
348, 42, 40
349, 42, 61
350, 42, 101
351, 42, 104
352, 42, 112
353, 42, 117
354, 42, 122
355, 43, 21
356, 43, 36
357, 43, 38
358, 43, 39
359, 43, 40
360, 43, 46
361, 43, 48
362, 43, 59
363, 43, 65
364, 43, 101
365, 43, 112
366, 43, 117
367, 43, 122
368, 44, 7
369, 44, 36
370, 44, 40
371, 44, 50
372, 44, 66
373, 44, 70
374, 44, 75
375, 44, 83
376, 44, 101
377, 44, 112
378, 45, 7
379, 45, 19
380, 45, 20
381, 45, 21
382, 45, 22
383, 45, 23
384, 45, 24
385, 45, 25
386, 45, 36
387, 45, 40
388, 45, 50
389, 45, 66
390, 45, 70
391, 45, 83
392, 45, 88
393, 45, 101
394, 45, 112
395, 45, 117
396, 45, 122
397, 46, 34
398, 46, 39
399, 46, 40
400, 46, 42
401, 46, 45
402, 46, 46
403, 46, 48
404, 46, 59
405, 46, 61
406, 46, 64
407, 46, 75
408, 46, 77
409, 46, 78
410, 46, 79
411, 46, 81
412, 46, 82
413, 46, 83
414, 46, 84
415, 46, 85
416, 46, 87
417, 46, 88
418, 46, 89
419, 46, 91
420, 46, 94
421, 46, 95
422, 46, 97
423, 46, 99
424, 46, 100
425, 46, 101
426, 46, 102
427, 46, 104
428, 46, 105
429, 46, 112
430, 46, 122
431, 47, 40
432, 47, 61
433, 47, 66
434, 47, 70
435, 47, 77
436, 47, 82
437, 47, 97
438, 47, 101
439, 47, 104
440, 47, 105
441, 48, 7
442, 48, 12
443, 48, 19
444, 48, 21
445, 48, 31
446, 48, 36
447, 48, 38
448, 48, 40
449, 48, 50
450, 48, 77
451, 48, 105
452, 49, 25
453, 49, 36
454, 49, 59
455, 49, 64
456, 49, 70
457, 49, 71
458, 49, 75
459, 49, 76
460, 49, 79
461, 49, 81
462, 49, 82
463, 49, 84
464, 49, 87
465, 49, 89
466, 49, 91
467, 49, 94
468, 49, 95
469, 49, 97
470, 49, 99
471, 49, 100
472, 49, 102
473, 49, 104
474, 50, 19
475, 50, 21
476, 50, 25
477, 50, 36
478, 50, 40
479, 50, 66
480, 50, 77
481, 51, 7
482, 51, 101
483, 51, 105
484, 51, 108
485, 51, 117
486, 51, 122
487, 52, 7
488, 52, 12
489, 52, 19
490, 52, 21
491, 52, 25
492, 52, 36
493, 52, 40
494, 52, 50
495, 52, 64
496, 52, 66
497, 52, 70
498, 52, 75
499, 52, 77
500, 52, 83
501, 52, 88
502, 52, 98
503, 52, 101
504, 52, 105
505, 52, 108
506, 52, 117
507, 53, 19
508, 53, 21
509, 53, 25
510, 53, 31
511, 53, 36
512, 53, 40
513, 53, 50
514, 53, 64
515, 53, 66
516, 53, 70
517, 53, 77
518, 53, 83
519, 53, 101
520, 53, 105
521, 54, 7
522, 54, 12
523, 54, 19
524, 54, 21
525, 54, 25
526, 54, 36
527, 54, 40
528, 54, 64
529, 54, 66
530, 54, 70
531, 54, 71
532, 54, 75
533, 54, 76
534, 54, 81
535, 54, 82
536, 54, 83
537, 54, 84
538, 54, 87
539, 54, 88
540, 54, 89
541, 54, 91
542, 54, 94
543, 54, 97
544, 54, 98
545, 54, 99
546, 54, 100
547, 54, 101
548, 54, 102
549, 54, 105
550, 54, 108
551, 54, 117
552, 54, 122
553, 55, 7
554, 55, 12
555, 55, 19
556, 55, 21
557, 55, 25
558, 55, 36
559, 55, 42
560, 55, 43
561, 55, 45
562, 55, 47
563, 55, 50
564, 55, 51
565, 55, 53
566, 55, 58
567, 55, 62
568, 55, 65
569, 55, 66
570, 55, 70
571, 55, 71
572, 55, 72
573, 55, 80
574, 55, 85
575, 55, 93
576, 55, 94
577, 55, 97
578, 55, 98
579, 55, 101
580, 55, 102
581, 55, 105
582, 56, 7
583, 56, 25
584, 56, 36
585, 56, 50
586, 56, 64
587, 56, 66
588, 56, 70
589, 56, 77
590, 56, 83
591, 56, 102
592, 56, 105
593, 57, 7
594, 57, 25
595, 57, 36
596, 57, 66
597, 57, 102
598, 57, 105
599, 57, 122
600, 58, 7
601, 58, 12
602, 58, 19
603, 58, 64
604, 58, 66
605, 58, 70
606, 59, 7
607, 59, 19
608, 59, 25
609, 59, 29
610, 59, 30
611, 59, 32
612, 59, 34
613, 59, 37
614, 59, 42
615, 59, 43
616, 59, 45
617, 59, 46
618, 59, 48
619, 59, 50
620, 59, 53
621, 59, 55
622, 59, 58
623, 59, 59
624, 59, 60
625, 59, 62
626, 59, 63
627, 59, 64
628, 59, 66
629, 59, 70
630, 59, 77
631, 59, 83
632, 59, 102
633, 59, 105
634, 59, 108
635, 60, 7
636, 60, 12
637, 60, 19
638, 60, 25
639, 60, 31
640, 60, 36
641, 60, 40
642, 60, 44
643, 60, 47
644, 60, 50
645, 60, 51
646, 60, 61
647, 60, 66
648, 60, 77
649, 60, 102
650, 60, 105
651, 60, 122
652, 61, 36
653, 61, 50
654, 61, 77
655, 61, 102
656, 61, 105
657, 61, 108
658, 61, 117
659, 61, 122
660, 62, 7
661, 62, 12
662, 62, 19
663, 62, 25
664, 62, 31
665, 62, 35
666, 62, 36
667, 62, 40
668, 62, 44
669, 62, 47
670, 62, 51
671, 62, 61
672, 62, 77
673, 62, 95
674, 62, 105
675, 62, 122
676, 63, 7
677, 63, 12
678, 63, 19
679, 63, 25
680, 63, 43
681, 63, 45
682, 63, 51
683, 63, 55
684, 63, 62
685, 63, 63
686, 63, 65
687, 63, 66
688, 63, 67
689, 63, 70
690, 63, 71
691, 63, 72
692, 63, 83
693, 63, 102
694, 63, 105
695, 63, 108
696, 63, 122
697, 64, 25
698, 64, 36
699, 64, 50
700, 64, 61
701, 64, 66
702, 64, 70
703, 64, 77
704, 64, 83
705, 64, 102
706, 64, 105
707, 64, 108
708, 64, 122
709, 65, 7
710, 65, 25
711, 65, 36
712, 65, 66
713, 65, 83
714, 65, 88
715, 65, 102
716, 65, 105
717, 65, 108
718, 66, 19
719, 66, 31
720, 66, 40
721, 66, 44
722, 66, 47
723, 66, 51
724, 66, 61
725, 66, 77
726, 66, 95
727, 66, 105
728, 66, 122
729, 67, 7
730, 67, 12
731, 67, 19
732, 67, 25
733, 67, 31
734, 67, 36
735, 67, 40
736, 67, 47
737, 67, 51
738, 67, 52
739, 67, 54
740, 67, 69
741, 67, 77
742, 67, 81
743, 67, 89
744, 67, 94
745, 67, 99
746, 68, 7
747, 68, 12
748, 68, 19
749, 68, 25
750, 68, 31
751, 68, 36
752, 68, 40
753, 68, 50
754, 68, 66
755, 68, 70
756, 68, 83
757, 68, 102
758, 68, 105
759, 69, 50
760, 69, 66
761, 69, 70
762, 69, 105
763, 70, 27
764, 70, 28
765, 70, 30
766, 70, 31
767, 70, 33
768, 70, 34
769, 70, 36
770, 70, 37
771, 70, 38
772, 70, 39
773, 70, 40
774, 70, 41
775, 70, 42
776, 70, 44
777, 70, 45
778, 70, 47
779, 70, 50
780, 70, 51
781, 70, 52
782, 70, 54
783, 70, 55
784, 70, 58
785, 70, 59
786, 70, 61
787, 70, 62
788, 70, 64
789, 70, 66
790, 70, 67
791, 70, 69
792, 70, 70
793, 70, 71
794, 70, 73
795, 70, 74
796, 70, 75
797, 70, 76
798, 70, 77
799, 70, 78
800, 70, 79
801, 70, 105
802, 71, 12
803, 71, 19
804, 71, 25
805, 71, 27
806, 71, 31
807, 71, 36
808, 71, 50
809, 71, 61
810, 71, 66
811, 71, 70
812, 71, 77
813, 71, 80
814, 71, 105
815, 71, 122
816, 72, 12
817, 72, 19
818, 72, 27
819, 72, 31
820, 72, 40
821, 72, 77
822, 72, 80
823, 72, 100
824, 72, 102
825, 72, 105
826, 72, 108
827, 72, 117
828, 73, 27
829, 73, 31
830, 73, 66
831, 73, 70
832, 73, 76
833, 73, 77
834, 73, 78
835, 73, 82
836, 73, 84
837, 73, 85
838, 73, 89
839, 73, 93
840, 73, 94
841, 73, 99
842, 73, 100
843, 73, 101
844, 73, 102
845, 73, 103
846, 73, 105
847, 73, 107
848, 73, 109
849, 74, 7
850, 74, 12
851, 74, 19
852, 74, 36
853, 74, 40
854, 74, 42
855, 74, 43
856, 74, 45
857, 74, 46
858, 74, 48
859, 74, 53
860, 74, 55
861, 74, 56
862, 74, 58
863, 74, 59
864, 74, 60
865, 74, 61
866, 74, 62
867, 74, 63
868, 74, 65
869, 74, 66
870, 74, 67
871, 74, 68
872, 74, 71
873, 74, 72
874, 74, 73
875, 74, 74
876, 74, 75
877, 74, 76
878, 74, 77
879, 74, 80
880, 74, 81
881, 74, 82
882, 74, 84
883, 74, 86
884, 74, 89
885, 74, 90
886, 74, 91
887, 74, 92
888, 74, 93
889, 74, 94
890, 74, 95
891, 74, 96
892, 74, 97
893, 74, 101
894, 74, 103
895, 74, 104
896, 75, 25
897, 75, 27
898, 75, 31
899, 75, 36
900, 75, 47
901, 75, 51
902, 75, 66
903, 75, 75
904, 75, 77
905, 75, 80
906, 76, 4
907, 76, 9
908, 76, 13
909, 76, 19
910, 76, 20
911, 76, 22
912, 76, 25
913, 76, 51
914, 76, 53
915, 76, 55
916, 76, 56
917, 76, 58
918, 76, 59
919, 76, 60
920, 76, 62
921, 76, 63
922, 76, 65
923, 76, 66
924, 76, 67
925, 76, 68
926, 76, 70
927, 76, 71
928, 76, 72
929, 76, 73
930, 76, 80
931, 76, 81
932, 76, 83
933, 77, 3
934, 77, 25
935, 77, 36
936, 77, 50
937, 77, 66
938, 77, 80
939, 78, 3
940, 78, 7
941, 78, 12
942, 78, 19
943, 78, 22
944, 78, 25
945, 78, 27
946, 78, 36
947, 78, 50
948, 78, 66
949, 78, 70
950, 78, 75
951, 78, 80
952, 78, 81
953, 78, 83
954, 78, 85
955, 78, 89
956, 78, 91
957, 78, 92
958, 78, 93
959, 78, 94
960, 78, 95
961, 78, 97
962, 78, 98
963, 78, 101
964, 78, 102
965, 78, 103
966, 78, 104
967, 78, 108
968, 78, 111
969, 78, 112
970, 78, 114
971, 78, 117
972, 78, 122
973, 79, 3
974, 79, 7
975, 79, 10
976, 79, 20
977, 79, 22
978, 79, 27
979, 79, 31
980, 79, 77
981, 79, 80
982, 79, 109
983, 80, 19
984, 80, 27
985, 80, 31
986, 80, 36
987, 80, 44
988, 80, 50
989, 80, 51
990, 80, 52
991, 80, 54
992, 80, 61
993, 80, 64
994, 80, 66
995, 80, 69
996, 80, 71
997, 80, 77
998, 80, 82
999, 80, 86
1000, 80, 89
1001, 80, 94
1002, 80, 99
1003, 80, 101
1004, 80, 103
1005, 80, 110
1006, 80, 113
1007, 80, 114
1008, 80, 116
1009, 80, 118
1010, 80, 119
1011, 80, 120
1012, 81, 3
1013, 81, 7
1014, 81, 20
1015, 81, 25
1016, 81, 27
1017, 81, 28
1018, 81, 30
1019, 81, 32
1020, 81, 33
1021, 81, 34
1022, 81, 38
1023, 81, 42
1024, 81, 43
1025, 81, 45
1026, 81, 46
1027, 81, 47
1028, 81, 48
1029, 81, 109
1030, 81, 120
1031, 82, 3
1032, 82, 7
1033, 82, 16
1034, 82, 18
1035, 82, 19
1036, 82, 20
1037, 82, 21
1038, 82, 22
1039, 82, 24
1040, 82, 25
1041, 82, 26
1042, 82, 28
1043, 82, 29
1044, 82, 30
1045, 82, 32
1046, 82, 33
1047, 82, 34
1048, 82, 35
1049, 82, 36
1050, 82, 37
1051, 82, 38
1052, 82, 40
1053, 82, 42
1054, 82, 44
1055, 82, 51
1056, 82, 61
1057, 82, 64
1058, 82, 66
1059, 82, 77
1060, 82, 95
1061, 82, 102
1062, 82, 103
1063, 82, 108
1064, 82, 109
1065, 82, 120
1066, 83, 3
1067, 83, 7
1068, 83, 12
1069, 83, 16
1070, 83, 22
1071, 83, 25
1072, 83, 27
1073, 83, 29
1074, 83, 31
1075, 83, 36
1076, 83, 42
1077, 83, 66
1078, 83, 80
1079, 83, 102
1080, 83, 103
1081, 83, 109
1082, 83, 120
1083, 84, 3
1084, 84, 7
1085, 84, 12
1086, 84, 16
1087, 84, 22
1088, 84, 25
1089, 84, 27
1090, 84, 31
1091, 84, 36
1092, 84, 42
1093, 84, 51
1094, 84, 53
1095, 84, 55
1096, 84, 56
1097, 84, 58
1098, 84, 59
1099, 84, 60
1100, 84, 65
1101, 84, 66
1102, 84, 67
1103, 84, 70
1104, 84, 72
1105, 84, 80
1106, 84, 81
1107, 84, 88
1108, 84, 94
1109, 84, 95
1110, 84, 97
1111, 84, 98
1112, 84, 101
1113, 84, 110
1114, 85, 3
1115, 85, 7
1116, 85, 12
1117, 85, 16
1118, 85, 22
1119, 85, 25
1120, 85, 27
1121, 85, 29
1122, 85, 36
1123, 85, 42
1124, 85, 66
1125, 85, 77
1126, 85, 80
1127, 85, 102
1128, 85, 103
1129, 85, 109
1130, 85, 110
1131, 85, 120
1132, 86, 3
1133, 86, 7
1134, 86, 16
1135, 86, 22
1136, 86, 25
1137, 86, 29
1138, 86, 36
1139, 86, 45
1140, 86, 47
1141, 86, 49
1142, 86, 50
1143, 86, 55
1144, 86, 58
1145, 86, 62
1146, 86, 66
1147, 86, 69
1148, 86, 71
1149, 86, 73
1150, 86, 76
1151, 86, 77
1152, 86, 78
1153, 86, 79
1154, 86, 82
1155, 86, 85
1156, 86, 89
1157, 86, 90
1158, 86, 93
1159, 86, 94
1160, 86, 99
1161, 86, 101
1162, 86, 104
1163, 86, 106
1164, 86, 107
1165, 86, 108
1166, 86, 109
1167, 86, 110
1168, 87, 3
1169, 87, 7
1170, 87, 12
1171, 87, 16
1172, 87, 22
1173, 87, 25
1174, 87, 27
1175, 87, 28
1176, 87, 29
1177, 87, 30
1178, 87, 31
1179, 87, 32
1180, 87, 33
1181, 87, 34
1182, 87, 35
1183, 87, 36
1184, 87, 38
1185, 87, 40
1186, 87, 41
1187, 87, 42
1188, 87, 43
1189, 87, 45
1190, 87, 46
1191, 87, 47
1192, 87, 48
1193, 87, 49
1194, 87, 50
1195, 87, 51
1196, 87, 52
1197, 87, 53
1198, 87, 55
1199, 87, 56
1200, 87, 58
1201, 87, 59
1202, 87, 60
1203, 87, 61
1204, 87, 63
1205, 87, 64
1206, 87, 65
1207, 87, 66
1208, 87, 80
1209, 87, 109
1210, 87, 112
1211, 88, 3
1212, 88, 7
1213, 88, 16
1214, 88, 42
1215, 88, 80
1216, 88, 81
1217, 88, 84
1218, 88, 91
1219, 88, 92
1220, 88, 94
1221, 88, 97
1222, 88, 101
1223, 88, 104
1224, 88, 107
1225, 88, 108
1226, 88, 111
1227, 88, 114
1228, 89, 3
1229, 89, 7
1230, 89, 12
1231, 89, 22
1232, 89, 25
1233, 89, 29
1234, 89, 36
1235, 89, 42
1236, 89, 52
1237, 89, 54
1238, 89, 61
1239, 89, 64
1240, 89, 70
1241, 89, 80
1242, 89, 95
1243, 90, 3
1244, 90, 7
1245, 90, 12
1246, 90, 16
1247, 90, 22
1248, 90, 25
1249, 90, 29
1250, 90, 31
1251, 90, 36
1252, 90, 41
1253, 90, 42
1254, 90, 64
1255, 90, 66
1256, 90, 96
1257, 90, 102
1258, 90, 103
1259, 90, 109
1260, 90, 110
1261, 90, 112
1262, 91, 3
1263, 91, 7
1264, 91, 22
1265, 91, 42
1266, 91, 70
1267, 91, 80
1268, 91, 88
1269, 91, 100
1270, 91, 102
1271, 91, 103
1272, 92, 29
1273, 92, 32
1274, 92, 42
1275, 92, 43
1276, 92, 48
1277, 92, 50
1278, 92, 51
1279, 92, 53
1280, 92, 55
1281, 92, 58
1282, 92, 59
1283, 92, 60
1284, 92, 63
1285, 92, 66
1286, 92, 67
1287, 92, 80
1288, 92, 81
1289, 92, 94
1290, 92, 95
1291, 92, 96
1292, 92, 98
1293, 92, 101
1294, 92, 102
1295, 92, 103
1296, 92, 109
1297, 92, 110
1298, 92, 112
1299, 93, 3
1300, 93, 4
1301, 93, 6
1302, 93, 9
1303, 93, 10
1304, 93, 11
1305, 93, 12
1306, 93, 13
1307, 93, 14
1308, 93, 15
1309, 93, 16
1310, 93, 19
1311, 93, 20
1312, 93, 21
1313, 93, 24
1314, 93, 25
1315, 93, 26
1316, 93, 28
1317, 93, 29
1318, 93, 30
1319, 93, 31
1320, 93, 32
1321, 93, 34
1322, 93, 35
1323, 93, 36
1324, 93, 37
1325, 93, 38
1326, 93, 40
1327, 93, 42
1328, 93, 80
1329, 93, 109
1330, 93, 112
1331, 94, 22
1332, 94, 31
1333, 94, 61
1334, 94, 64
1335, 94, 102
1336, 95, 7
1337, 95, 16
1338, 95, 22
1339, 95, 25
1340, 95, 36
1341, 95, 80
1342, 95, 110
1343, 96, 7
1344, 96, 9
1345, 96, 11
1346, 96, 13
1347, 96, 19
1348, 96, 20
1349, 96, 22
1350, 96, 24
1351, 96, 31
1352, 96, 36
1353, 96, 41
1354, 96, 70
1355, 97, 2
1356, 97, 4
1357, 97, 6
1358, 97, 7
1359, 97, 9
1360, 97, 12
1361, 97, 13
1362, 97, 14
1363, 97, 15
1364, 97, 16
1365, 97, 18
1366, 97, 19
1367, 97, 22
1368, 97, 23
1369, 97, 36
1370, 97, 41
1371, 97, 100
1372, 97, 102
1373, 97, 109
1374, 97, 110
1375, 97, 112
1376, 98, 2
1377, 98, 12
1378, 98, 16
1379, 98, 25
1380, 98, 30
1381, 98, 33
1382, 98, 36
1383, 98, 37
1384, 98, 38
1385, 98, 40
1386, 98, 45
1387, 98, 47
1388, 98, 49
1389, 98, 50
1390, 98, 52
1391, 98, 53
1392, 98, 55
1393, 98, 58
1394, 98, 66
1395, 98, 69
1396, 98, 71
1397, 98, 76
1398, 98, 78
1399, 98, 79
1400, 98, 80
1401, 98, 82
1402, 98, 83
1403, 98, 87
1404, 98, 89
1405, 99, 2
1406, 99, 12
1407, 99, 22
1408, 99, 23
1409, 99, 25
1410, 99, 31
1411, 99, 32
1412, 99, 34
1413, 99, 36
1414, 99, 42
1415, 99, 43
1416, 99, 45
1417, 99, 46
1418, 99, 48
1419, 99, 50
1420, 99, 52
1421, 99, 53
1422, 99, 55
1423, 99, 58
1424, 99, 60
1425, 99, 63
1426, 99, 64
1427, 99, 66
1428, 99, 67
1429, 99, 70
1430, 99, 74
1431, 99, 78
1432, 99, 80
1433, 99, 85
1434, 99, 88
1435, 99, 91
1436, 99, 94
1437, 99, 96
1438, 99, 98
1439, 99, 101
1440, 99, 104
1441, 99, 108
1442, 99, 109
1443, 99, 110
1444, 99, 112
1445, 100, 2
1446, 100, 16
1447, 100, 22
1448, 100, 23
1449, 100, 25
1450, 100, 26
1451, 100, 28
1452, 100, 29
1453, 100, 30
1454, 100, 31
1455, 100, 32
1456, 100, 33
1457, 100, 34
1458, 100, 35
1459, 100, 36
1460, 100, 80
1461, 100, 89
1462, 100, 112
1463, 101, 2
1464, 101, 16
1465, 101, 22
1466, 101, 23
1467, 101, 41
1468, 101, 44
1469, 101, 61
1470, 101, 64
1471, 101, 80
1472, 101, 95
1473, 101, 110
1474, 102, 2
1475, 102, 48
1476, 102, 53
1477, 102, 55
1478, 102, 64
1479, 102, 66
1480, 102, 67
1481, 102, 74
1482, 102, 78
1483, 102, 80
1484, 102, 94
1485, 102, 96
1486, 103, 2
1487, 103, 3
1488, 103, 6
1489, 103, 7
1490, 103, 8
1491, 103, 9
1492, 103, 10
1493, 103, 11
1494, 103, 12
1495, 103, 13
1496, 103, 14
1497, 103, 15
1498, 103, 19
1499, 103, 20
1500, 103, 21
1501, 103, 22
1502, 103, 23
1503, 103, 29
1504, 103, 41
1505, 103, 70
1506, 103, 80
1507, 103, 89
1508, 103, 95
1509, 103, 102
1510, 103, 110
1511, 103, 112
1512, 104, 23
1513, 104, 41
1514, 104, 61
1515, 104, 64
1516, 104, 70
1517, 104, 80
1518, 104, 110
1519, 104, 112
1520, 105, 16
1521, 105, 23
1522, 105, 66
1523, 105, 69
1524, 105, 71
1525, 105, 89
1526, 105, 95
1527, 105, 97
1528, 105, 101
1529, 105, 102
1530, 105, 108
1531, 105, 110
1532, 105, 112
1533, 105, 119
1534, 106, 16
1535, 106, 23
1536, 107, 22
1537, 107, 30
1538, 107, 33
1539, 107, 43
1540, 107, 48
1541, 107, 53
1542, 107, 55
1543, 107, 58
1544, 107, 64
1545, 107, 66
1546, 107, 80
1547, 107, 89
1548, 108, 19
1549, 108, 23
1550, 108, 28
1551, 108, 33
1552, 108, 61
1553, 108, 64
1554, 108, 110
1555, 108, 112
1556, 109, 23
1557, 109, 33
1558, 109, 64
1559, 109, 66
1560, 109, 80
1561, 109, 95
1562, 110, 4
1563, 110, 7
1564, 110, 9
1565, 110, 12
1566, 110, 13
1567, 110, 22
1568, 110, 23
1569, 110, 24
1570, 110, 26
1571, 110, 29
1572, 110, 30
1573, 110, 33
1574, 110, 34
1575, 110, 36
1576, 110, 37
1577, 110, 39
1578, 110, 41
1579, 110, 44
1580, 110, 45
1581, 110, 47
1582, 110, 50
1583, 110, 51
1584, 110, 52
1585, 110, 55
1586, 110, 59
1587, 110, 62
1588, 110, 66
1589, 110, 67
1590, 110, 80
1591, 110, 89
1592, 110, 100
1593, 110, 102
1594, 110, 112
1595, 110, 119
1596, 111, 16
1597, 111, 23
1598, 111, 33
1599, 111, 67
1600, 111, 89
1601, 111, 102
1602, 111, 112
1603, 112, 16
1604, 112, 41
1605, 112, 64
1606, 112, 66
1607, 112, 70
1608, 112, 74
1609, 112, 78
1610, 112, 80
1611, 112, 81
1612, 112, 88
1613, 112, 91
1614, 112, 94
1615, 112, 98
1616, 112, 101
1617, 112, 110
1618, 113, 23
1619, 113, 33
1620, 113, 66
1621, 113, 67
1622, 113, 80
1623, 113, 89
1624, 113, 110
1625, 113, 112
1626, 114, 23
1627, 114, 89
1628, 114, 112
1629, 115, 1
1630, 115, 3
1631, 115, 6
1632, 115, 7
1633, 115, 9
1634, 115, 12
1635, 115, 13
1636, 115, 14
1637, 115, 15
1638, 115, 17
1639, 115, 19
1640, 115, 20
1641, 115, 21
1642, 115, 22
1643, 115, 67
1644, 115, 80
1645, 115, 110
1646, 115, 111
1647, 115, 112
1648, 115, 119
1649, 117, 16
1650, 117, 18
1651, 117, 56
1652, 117, 58
1653, 117, 59
1654, 117, 60
1655, 117, 63
1656, 117, 66
1657, 117, 70
1658, 117, 74
1659, 117, 78
1660, 117, 80
1661, 117, 81
1662, 117, 87
1663, 117, 88
1664, 118, 33
1665, 118, 61
1666, 118, 67
1667, 118, 80
1668, 118, 86
1669, 119, 65
1670, 119, 66
1671, 119, 70
1672, 119, 74
1673, 119, 78
1674, 119, 80
1675, 119, 81
1676, 119, 88
1677, 119, 98
1678, 119, 101
1679, 119, 103
1680, 119, 104
1681, 120, 19
1682, 120, 24
1683, 120, 25
1684, 120, 26
1685, 120, 31
1686, 120, 32
1687, 120, 35
1688, 120, 40
1689, 120, 42
1690, 120, 48
1691, 120, 49
1692, 120, 50
1693, 120, 56
1694, 120, 58
1695, 120, 60
1696, 120, 61
1697, 120, 62
1698, 120, 63
1699, 120, 65
1700, 120, 66
1701, 120, 70
1702, 120, 74
1703, 120, 78
1704, 120, 79
1705, 120, 80
1706, 120, 86
1707, 121, 16
1708, 121, 33
1709, 121, 41
1710, 121, 67
1711, 122, 17
1712, 122, 19
1713, 122, 24
1714, 122, 25
1715, 122, 26
1716, 122, 30
1717, 122, 31
1718, 122, 32
1719, 122, 67
1720, 122, 86
1721, 123, 67
1722, 123, 86
1723, 124, 41
1724, 124, 67
1725, 125, 42
1726, 125, 48
1727, 125, 50
1728, 125, 56
1729, 125, 58
1730, 125, 60
1731, 125, 62
1732, 125, 63
1733, 125, 64
1734, 125, 65
1735, 125, 66
1736, 125, 70
1737, 125, 74
1738, 125, 80
1739, 125, 81
1740, 125, 82
1741, 125, 84
1742, 126, 36
1743, 126, 67
1744, 127, 36
1745, 128, 33
1746, 128, 35
1747, 128, 40
1748, 128, 41
1749, 128, 44
1750, 128, 48
1751, 128, 49
1752, 128, 50
1753, 128, 52
1754, 128, 56
1755, 128, 58
1756, 128, 62
1757, 128, 63
1758, 128, 64
1759, 128, 65
1760, 128, 66
1761, 129, 36
